18751114321
15197195456
15610077663
13290986756
15520466604
15681453487
13622154812
18150222537
18037228871
15030419820
15237355252
18679113320
18236555191
18319930602
18343143123
13226143130
13723199412
13767412249
18878550147
14795909590
18652666027
14262319860
13103573005
15849728665
13012504393
13128199512
18683633334
13041994122
18780218217
13723198807
13383311450
13042419820
18931174571
14042319680
15930883218
18503201660
13010419770
15176914888
13018319890
15631102237
13010419721
13933157635
18759477114
13062519890
18612345554
13811808118
18246094305
13663809271
13540771916
18608442015
18119880308
18783284450
13100461218
13863126388
13735081806
13970033535
14048119890
15229065014
14780830388
18654677784
13804277232
15252554656
18638217650
13330409005
13332905960
18928565015
13919336964
15322654709
13305245122
13030197611
13951610940
13401998224
13338716999
13806236998
13022198101
18902418555
13907292234
15298828418
13773040303
13672199932
13506233471
025-52429568
025-57101093
757-81128058
2731012113
553409983
437279078
411294842
94050479
814355104
94050479
3142573095
3142573095
307346564
1908467644
63576944
63576944
166063996
564561548
1792426002
1395530322
2287534164
3028241743
2693689802
1905717321
3039125164
360675222
123583829
1395530322
1249760403
527566281
35415963
2556772833
1249760403
710357838
516174875
960926010
2082220188
2768555822
863529329
863529329
1348328549
1183749336
98567579
1056836013
2377339387
66257213
69856988
1004077471
2621434906
1514224386
634315112
56774287
1457819
11221583
542582158
634315112
1109259393
247972629
254827075
69856988
3158345582
3155843885
364305187
1752600175
2303443988
951649443
3152860370
61227145
644720619
480592021
3065955632
956044750
956044750
1576232532
1755858351
794024368
2309606051
2413584272
1875111432
2665871158
441954184
850945637
419247683
471937921
1601502648
47034361
1519719545
1220482698
1561007766
2836196081
2268076787
47034361
284616447
458709481
709817001
276588405
664960254
3217396477
563584276
15149177
1329098675
1552046660
1691452213
360999
2200623029
349655567
411714674
525267586
464674168
535994
1568145348
3313576938
175786352
175786352
2836196081
123452323
1362215481
1667151250
1055091243
3284429376
168007506
1815022253
240421884
714529729
714529729
1595344407
3158255571
1505757555
347920750
332702997
565473632
839841617
308232875
4103111989
1021510
1803722887
4103111989
1503041982
4025017
1523735525
3623231994
4181035
1867911332
4108251997
3037570
1823655519
2201831993
6027619
1834314312
4451211990
6213176
1322614313
5137231994
12304198
1376741224
4504211993
7168536
1887855014
17500
4503231990
6093056
1479590959
3208111993
5271011
1865266602
6103021996
6301515
1786880580
10000
1426231986
3022310
1310357300
6127231974
4173654
1584972866
1839890
52311
61740
52016
1564587
64412
53047
52016
53047
52016
2238500
14310
2252810
25112
30112
1253793
56755
1310548
458463
887215
1000000
4000000
1396267
49574
984022
2013012504
400000
584022
20000
240000
584022
11828
81698
240000
15840
39277778
238189
719163
6094870
536883
234993
362418
200000
1379000
258984
66000
3686496
2100000
1402171
300000
50000
3326261971
816213
6224272010
300000
802171
184324
19078
14539
2149704
30800
23998
139467
550000
12982
3220198643
6051515260
35600
36410
160111
14665
5131281995
12280014
5106031995
7285934
1868363333
397406669
5113041994
12254212
1878021821
1775769076
5137231988
7199455
1338331145
40000
1304241982
8152651
1893117457
46000
1404231968
6132438
1593088321
38900
2111211992
3101222
1850320166
35000
1301041977
7171519
1517691488
62700
1301831989
3240016
1563110223
32400
1301041972
10271856
1393315763
50000
3505211989
11225012
1875947711
1306251989
429081
1861234555
1381180811
240000
80000
2305021993
9091339
1824609430
4107111988
1122535
1366380927
5101041988
10224071
1354077191
4308211986
10152055
1860844201
5101811988
3086611
1878328445
4526251974
2230018
1310046121
80776
3822590
3710821990
10276714
1386312638
3308241983
1105571
1373508180
3601021980
1284815
1397003353
1404811989
9202825
1522906501
5125331979
302253
1478083038
3705021977
6214816
1865467778
2111031972
8200615
1380427723
3210881991
930397
1525255465
4128281987
1204570
1863821765
5325221985
3050315
1333040900
6103241988
10273439
1333290596
4525221968
2054659
1892856501
6223231987
4253773
1391933696
4407851986
1240035
1532265470
3208231969
10083643
1330524512
20527
3532122
63800
5130301976
11131214
4212231993
524183
4600251993
11031511
3208021968
8112514
1395161094
52429568
1139570
3201231988
12231412
1340199822
57101093
13616
3522291978
3013559
1333871699
427533
3205241977
7266879
1380623699
305500
5130221981
1052596
1890241855
50757
81128058
45548
4222281970
12280011
1390729223
3205201977
3132114
1529882841
3204811981
9171817
1377304030
1202251979
10150030
1367219993
3205201970
1122018
1350623347
