95371392
754051573
13510815
249707589
463308787
45451415
1647309993
714407546
754172776
2426332170
1103961692
809184581
446570078
1240584488
1125720199
781073094
52899602
552668898
1007219516
185902185
605655741
553256768
137991331
123124
526659585
123213
3100152594
870739134
45781221111
354539608
294923193
1554646
1658861315
1292378935
1019675814
1212324
975181111
1580612873
1720771152
5456466
139547030
2446384042
2084963028
2360508088
2537618115
245962979
1901527917
893131539
1076728602
1102220475
674348156
271450258
453452318
1140720105
2513723166
734549388
770583554
45467346
2601689596
946344441
61701777
665442142
630177090
710162234
463361403
1325909623
15653571550
349856658
250964419
1021168627
555444411
727011315
286773035
10473295
56974233
352156450
282618606
358430197
3243436926
125506571
1650619991
164059620
2311714786
999663455
806007423
8216334
1234567
1870809679
222333444
715276723
545687554
2896264159
1452785963
356222522
284764331
3133945619
1361737345
228701109
86436696
651237895
3028671897
xuzhiqiang
213456987
5978672
654666519
359506278
1290529008
903794761
1169944212
1114444
646297889
469582948
750230801
lqmeilitang
75865961
1300034231
331800081
546321789
1156227991
1062163332
1491727658
3122419644
851295767
511462222
13061180952
535610547
1784283678
779684910
627549837
1615117657
46410958
781949944
582445430
a3149904758
296519066
214654
1006458025
347808777
1530584555
1078402652
345453005
1458766889
1095987843
291038679
260223776
9887665544
378781473
463217963
596817079
1556004103
1524118898
1956322072
2072770691
3104577940
23645265
54620366
1909721176
1911304375
334683450
66103210
1534434378
616977110
1877603670
929641320
3053202137
543769839
2984312366
378833231
2283557283
83738420
2767657693
719568575
472829040
4165464
782607182
767143335
731375367
1740200622
438572462
16563
1130405583
240739705
416668684
1565308263
469758469
1399940493
1606576465
1483650190
2484977200
41651453144
820665174
870704463
2356803852
982929781
626084398
943679081
6969369
785002632
912786340
920831180
545338732
29721962
940323244
179921812
1515570666
916459808
595041273
1652728093
418186557
1085186591
147540171
913968004
474498191
693675896
643982089
1262321719
2270363295
305692852
996592433
574723857
1550398388
159542307
752344506
460616788
459889457
2207067008
555567
1269210766
1945229308
111189
27826796
1111116
1111111113
799370110
66666666
762982619
635098473
582956509
2575427204
415015996
297465061
2447191779
2232568698
309113524
2685018644
534936215
1071944291
578331168
1312115916
568825647
2441231766
303623959
812479994
709001335
861593754
392736679
1849274498
1151145923
9312837
