13905398286
15192709789
13012954444
05398150181
05377888567
05356261155
13562056000
86886318
89081097
13869907809
15963289012
18354749685
13505363736
05366408446
87689888
18661896967
18753962222
06356835046
05372346961
053288513961
13553068007
13791920133
15865596008
05307292678
06356188735
86885799
13792408092
13255322588
13306357697
13455088999
13698668568
13465447935
8565236
05395678908
15169823737
13668881456
15053208889
15006389766
18753655222
15865596008
15064183205
15336392531
13181219555
06356132389
86176161
05374231991
05363331888
67794887
2728795
13792610273
13011783046
13606303055
05378698199
13805341537
05392608539
18754245998
2324999
13518367646
13863528929
13863533638
89775116
13780696762
15906387999
83127192
18660206013
13581118999
18366214998
18963545530
18669903222
13698668568
15066830502
15054368777
05383361468
15263437218
6289388
3111953
05435077578
13791598157
05345421566
13721912222
053285253699
13780716765
05435300699
06358678267
13583647188
6766052
15624081888
13792908595
053255685248
86766573
05363167498
05394802759
15020880118
14763769088
18954352006
053286582857
18660880537
18266295772
15194275678
13963905686
85107777
13906340650
13675385406
13045031488
13220818888
18264522617
05332289611
15315518886
053286876336
15206355678
05374299998
05398231308
15253746888
05352114846
15552960539
14717737777
13967003909
06355089718
13335079819
13905359255
053286942432
05398597448
15318499688
13012921556
13793289666
15910038016
13356391101
15163758888
18563400634
18833538889
15550865321
13053745477
05388107806
18560684055
13791505509
05434614489
13853825386
18663493188
13583263104
15864265011
8108328
15866800616
05395129776
18963555662
13356755123
053286883738
88287670
13335079819
18766201444
05374371557
15666952222
01068489731
15954558369
13884979438
18906352306
05432136168
18661675222
13287617077
18833538889
13021665086
18963563333
15153989666
05374301366
15192098444
88528282
13573613337
053283597958
15288755836
13792396833
079515970559966
15244171000
15954244222
15866887767
13583986311
15192549232
05345677765
18553630678
05398477777
15898625444
15020179888
13792629588
18365829888
15753661800
18853912781
13405372826
13455970331
15564865888
13780731117
13465811444
15069968333
06358598326
13583890525
15020323538
13583076570
86975520
13854814771
15315733081
13475829732
053280985965
13954994100
6210081
18663400588
13573509607
13589269711
18561361819
13805377017
66713019
13668881456
13853866816
13791463636
05328687177
18053721777
13615380789
13963743055
15610311543
18653990075
053286235607
053287147128
075763325853
05397311887
15864906166
15966876692
18806350882
06352190258
06324019555
15588732166
05356891590
15254503111
13053713557
80982128
15847073595
18653990075
13675471655
13792908595
13793865898
18865200123
06355559859
03936260777
15265210777
05343548817
06355649099
87109663
18265550232
18606357301
13616423666
13608961801
05342716126
80632369
15163758888
15653571550
15253697780
13863744119
05387773719
15098423111
15163041888
18963555662
13953891949
18663960106
13853092358
15853669868
13884978777
05354321728
13791929777
053286975150
18653888388
13953438580
13792833307
06355085617
13954285669
15166611630
13455597709
15063016088
13616355877
3953461358
05378152888
05366211665
18369022222
15192148866
13188831488
13953347001
13054590088
8201981
05345687555
15192066177
05363332678
13730917611
14753762888
15165343843
13176897571
15866901920
00000000
18266231928
15163866777
6162168
18678002302
13276420673
13335206312
18954283023
15065681089
1551528875538
051688519136
06356528181
05358510717
05435352799
15092186926
05378592222
18853926666
13630000326
05368720283
053268085231
18954466866
13335206312
053283611510
15166355585
05362126633
18615381692
13863798066
13406356626
15865773111
13173244555
15092028008
15192480945
15965563555
18853663355
15964246262
15064668938
13573290229
13608996635
05363150180
05398726077
15092028008
15668217223
18363643660
18905369372
15244110111
86767113
05388012072
18678530886
15054856780
05385891693
13853655521
15054855527
05368936917
15965651213
15054293868
15054282811
13963489991
8202867
15192098444
13153238189
15726262177
15666952222
05356939600
05373365758
18365861117
15588139509
05372597778
15963400666
13220818888
66685888
15881906729
15244171000
13589903318
06358673286
15054855527
053182536017
13869878986
05374142010
06355649677
05374371175
05398462861
18765733388
5901376
05307201352
05303981981
13053855123
18769825699
13853255737
18678270789
13954911396
06346229991
0
18661905089
05363469716
18254266959
13792896184
18354749686
05398624102
18605374566
06357323010
15970559966
15206789359
18905392822
15263437218
18354749685
18953312288
13356985501
18263608869
13953418845
18678011075
05396765777
15063566689
13853817751
15165343843
13802287754
18854007777
13969825877
18365861117
15315791537
13954879660
18660531355
8030166
15266849445
15965563555
13963660176
13356894777
1396390568
05347367638
15954558369
18264888567
13969250266
13455597709
15064668938
13406621678
18266830678
15953450916
13954740712
15853999360
18678767077
13305450018
83154262
15092185926
05398228286
15194000855
8131699
18366274777
05396766158
87506389
18605437761
13371689083
06358585103
13395424999
053285311008
05365344117
13356391101
05702946210
05364799066
13563663187
13954749030
15666660010
13465811444
15065842968
053286880350
18661905089
18769385901
06355456888
05377977880
05388790028
18663991856
13220621768
18605440909
18669903222
15069598444
13375357999
1
13708998783
13791743544
13791920133
13173439770
15863726868
05362237759
05374260101
05342766996
15805488038
13656485786
13863501120
05372788577
15550100666
05374369906
13793247578
15910133286
15064452825
15054856780
05374342457
18366214998
13365427395
18954839799
15863977555
13386428201
13255592888
053289056999
05367762977
13792425089
13863501120
053281870508
15166672083
05397162444
05374365838
15066276802
13606344118
13205381816
15269041222
13395424999
053286940768
13605382165
18063526789
15053697785
15166034275
15953450916
13969520007
15065817465
15192520687
18561553890
15624206868
13573280153
15192066177
58736556
15550916111
18678011777
18206388555
05388531375
18953961222
06358411571
18654758929
2661166
053286973053
15064297416
053282522386
18963583088
18678969333
18365688853
05398883855
05372379587
13561426869
84130086
15725769555
13792111619
15966104556
053285031277
18753289182
13606303055
81868000
13969720022
86946700
13341222345
18660572879
18669864621
15166744888
053267791135
15865061199
06358934268
18678709091
13792833307
05365192659
15854616613
13280118692
13805482588
15865322195
15726357225
06358309123
05398450666
18463798999
05306170228
18354749686
13405372826
06327667555
13708965222
05383182197
18754245998
06358821828
15854862601
18906359918
18605374566
13696357369
18669901916
18678020877

6554116
86700730
0537422051
13505377703
15966269035
05305806997
0
13001788077
18661721695
15552182186
05302535129
05397299886
15866827879
15192520687
13805377017
18678607480
053282277185
15066611667
15054813485
13561211000
13505437080
13723977761
13506379408
06327680777
15054848446
13365325767
053286707877
05393595338
18300279131
15853911000
15106817788
13061295257
18963521108
13287285888
05332859001
18953950088
81839111
05368523666
15969871456
053287894166
15615681569
053283171760
06358219965
053286622577
053280985036
13910684028
15954244222
13562033569
05372110786
15265111511
15588820007
6828957
15153007899
13806366078
05374210006
05435328510
13906349912
13792425089
3669114
86945758
13053816167
05378491777
18865077555
15224203210
18053721777
15154377781
13365427395
15966497878
13793247481
18678709091
13616355877
13963660176
05398025056
13708962950
15264206537
15563703315
86653562
